,aindex,autocovariance,autocorrelation,BLOSUM1,BLOSUM2,BLOSUM3,BLOSUM4,BLOSUM5,BLOSUM6,BLOSUM7,BLOSUM8,BLOSUM9,BLOSUM10,boman,charge,crosscovariance,PP1,PP2,PP3,F1,F2,F3,F4,F5,F6,hmoment,hydrophobicity,instaindex,KF1,KF2,KF3,KF4,KF5,KF6,KF7,KF8,KF9,KF10,lengthpep,MSWHIM1,MSWHIM2,MSWHIM3,mw,pI,ProtFP1,ProtFP2,ProtFP3,ProtFP4,ProtFP5,ProtFP6,ProtFP7,ProtFP8,ST1,ST2,ST3,ST4,ST5,ST6,ST7,ST8,T1,T2,T3,T4,T5,VHSE1,VHSE2,VHSE3,VHSE4,VHSE5,VHSE6,VHSE7,VHSE8,Z1,Z2,Z3,Z4,Z5,column_tiny_number,column_tiny_percentage,column_Small_number,column_Small_percentage,column_Aliphatic_number,column_Aliphatic_percentage,column_Aromatic_number,column_Aromatic_percentage,column_NonPolar_number,column_NonPolar_percentage,column_Polar_number,column_Polar_percentage,column_Charged_number,column_Charged_percentage,column_Basic_number,column_Basic_percentage,column_Acidic_number,column_Acidic_percentage
aindex,1.0,0.23283938402241175,0.18546095562695114,-0.5551529983871338,-0.559252525485243,-0.4733470411781058,-0.08196505172679865,-0.34693500726850834,0.3966079704681004,0.12981965894358313,0.22082859268369084,-0.04721214382043041,0.1340598863792491,-0.6074204071295333,-0.05838162621093008,0.15950354928049382,-0.5698303004543628,0.0008813540073381193,-0.16978408341428106,0.4349823063934092,0.513901955959848,0.26257281613045974,0.7716186991726803,0.11274020701816206,-0.06486400067385331,0.13580018304872332,0.7160421447215444,-0.29127242122721464,-0.6146475639107548,-0.15870455566946715,0.11519831296879156,-0.33823200178341717,0.008031241959012215,-0.6753968213708907,-0.039805421811066354,-0.003059225135545807,0.06714130363817714,-0.036994023356096986,-0.17142085722953582,-0.6181557526741616,0.2520569566151831,0.03499447602861147,-0.1783221315466829,0.13103742143207336,0.5287109993187536,-0.21769003566382233,-0.5742696486974371,0.40139999175170415,-0.5065887697589462,0.27128120964841657,0.2860157813139636,-0.21264290442296843,-0.20758261263030106,-0.5397499976632392,-0.13322564063756293,0.04143929377799561,-0.43168999612409814,0.34021210445772365,-0.40357303114752896,-0.0380897606782182,-0.20520224271575357,0.034853904987295126,-0.10748336203989366,0.7220907889962024,-0.07471002721564275,0.6327973655393919,-0.09376358159945479,-0.00390819209623267,-0.6427498108364003,0.0762520404654731,-0.7502367711215119,0.21470588899181675,-0.29895875527255034,-0.6831179674292732,-0.4135872114806199,-0.49094717789180853,-0.2670476115323531,0.4856991260924346,-0.2073183633035623,-0.24561042580442052,-0.19721063851296544,-0.2637471856640636,0.04134997646560297,0.9177417521107749,-0.2767055412540968,-0.36343683006524324,-0.14252380311020368,0.4182973774342553,-0.20368684924773547,-0.4107993337842946,-0.1795082828089573,-0.20816025581379852,-0.20261150465475383,-0.14453582676488422,-0.1290325729260351,-0.12293109965998678
autocovariance,0.23283938402241175,1.0,0.9655426342289828,-0.2520205446280675,-0.14321662426345158,-0.03576354392624938,-0.04745069068437181,-0.0488831607705021,-0.014127212905243658,0.10920162411133685,0.09032618134745946,0.0011295335152214341,0.06709169883175521,-0.19230314940514245,-0.07165672707712856,0.9191407692862579,-0.2521454415777454,0.04640406789563195,-0.04524303786408142,0.20213247169516488,0.09698333295355702,0.05332555701731771,0.14423335841130078,0.10294077919464385,0.015317703080655793,-0.23339730957090132,0.25218122115686065,0.15444149748147964,-0.11824363563305021,-0.04996904612336061,0.04490427088544692,-0.22371172277165574,-0.10966003902638369,-0.10117243775658377,0.04695852644959955,-0.09038323614559197,0.02781301691416644,0.10661206362478381,-0.0728203823471895,-0.14779257032705018,0.14834540659685186,0.01621731210494973,-0.07346172742576451,0.005634373329657992,0.24776209181409106,-0.10081844853929882,-0.050002738592356724,0.0655118290277373,-0.09890792770496488,0.029126180477664246,-0.0471216925433623,-0.04409913194030141,-0.042998710891402225,-0.11437597955998523,0.04215313222204705,0.06597145568584485,-0.2176865449659904,0.001009829495790772,-0.023366925667340936,-0.012237447277216264,-0.04155951540519717,-0.08469242229630546,-0.0710764826521226,0.15376680807831025,-0.01646742881401209,0.255288393281651,-0.051769743945373155,-0.0007494536616289567,-0.14427312974688955,0.04858460680746793,-0.20756374043128556,-0.0451215746801437,-0.0011327518718543285,-0.24804538285725763,-0.10806017145341106,-0.051901534220959,0.012580136920017708,0.03616494511158517,-0.07676241168923892,-0.00977651134996258,-0.08187370398706531,-0.03454848618403139,-0.015492488592122218,0.22854564629895657,-0.06979791263084771,-0.037365923769432784,-0.053395772261676355,0.25628442353645164,-0.0965145931948837,-0.25628442353645176,-0.0809002349289526,-0.12851193911309391,-0.09795649938189725,-0.07679016442759289,-0.05070587354828318,-0.09596707188063676
autocorrelation,0.18546095562695114,0.9655426342289828,1.0,-0.1996184485912988,-0.10068102009777441,-0.021322834472619043,-0.07431114191220951,-0.05221442872679706,-0.023214363669038313,0.10326722930702804,0.09353044750403164,-0.0025285484557418967,0.06961483789582022,-0.15238401914932606,-0.06251108929238129,0.8798672022437153,-0.20763996434045914,0.04876273502292754,-0.03618829620905088,0.15674258512322828,0.06468467980482352,0.049634328100766026,0.11699339922363705,0.10003547853482951,0.010282440258400631,-0.22651788156948752,0.1931749530851672,0.15702309784475216,-0.08184130636163892,-0.0323003756982909,0.027978350309372412,-0.18451023245982104,-0.09401919229405283,-0.08199130524950088,0.03954753670451247,-0.08507125340383674,-0.014518071823716658,0.1044508400969492,-0.07175976641589445,-0.11270586359592247,0.11996315544096818,0.019388478233191765,-0.0719627470791526,0.00554491779947618,0.19422968466239207,-0.0788218903529487,-0.019474823569772957,0.04487496150960486,-0.09912488618522494,0.031646740013249,-0.04351883365746629,-0.029500154095470545,-0.025293090935435393,-0.07655460312217122,0.041976913545648434,0.04245261866084524,-0.1899991451782412,-0.009117575069948649,0.002179371348628405,0.006577233553645393,-0.02311523364707864,-0.07615841002661607,-0.07477879028909841,0.11362463857019793,-0.017309893263837202,0.20916905335127145,-0.02954575382190312,0.002099644660245092,-0.09465776075834428,0.04393216223532949,-0.180327588847981,-0.023078613964092266,0.017256142716131743,-0.20569442945096775,-0.08345504790717934,-0.051219321764850605,0.027517468502538382,0.025014847330978682,-0.07647549027636583,-0.01563492680801461,-0.08216378984781594,-0.03797710306623012,-0.021163399937173248,0.1772840655586161,-0.06544199755216418,-0.02501509132057559,-0.05437938979703404,0.21763742444753748,-0.09273315377159266,-0.21763742444753842,-0.07316882790426708,-0.09313755614772659,-0.08687728384832805,-0.05417326360234568,-0.047785046777393814,-0.0719077019610716
BLOSUM1,-0.5551529983871338,-0.2520205446280675,-0.1996184485912988,1.0,0.20766796275577254,0.005677911654634197,-0.05128526898684518,0.008093365262364469,-0.015514824772944576,-0.05031758133918371,-0.10158649936778585,0.13956567139663034,0.049060071526389366,0.6816811197309829,0.032965302993634996,-0.16241563161832379,0.6562357061788964,-0.28810665759422066,0.1170347338284778,-0.8194403861057514,-0.239496964499372,-0.3386020061998449,-0.149066760022331,0.05839643597709957,-0.13305444054290708,0.09505333616946084,-0.7902855274781776,0.18280751030036502,0.24701663561098847,-0.037156555418218135,-0.318423774235043,0.7781665960190495,0.09130975825841317,0.17239380608982563,-0.14651320667702017,0.06799773418227772,-0.14335391345861317,-0.16220180939472015,0.19786911804566154,0.23061789499901297,-0.5843358505311499,-0.018440519745306257,0.20230868821108136,-0.08783660692235679,-0.9656597840760142,0.18046383559092521,0.017187776041172623,-0.07673579516228696,0.08503788896294948,-0.034902697533646644,-0.13280478123739337,0.00889057519471552,-0.07724829542459404,0.31424874189674573,-0.37945409418252757,-0.11233705334912995,0.5407473707557688,-0.16763997408607578,0.1357386012870572,0.25713584939478434,-0.06526260769958919,0.3029611533706418,0.2531562985201573,-0.2996251716302579,0.20919502885326602,-0.8889225816108677,0.07955825903970232,-0.17220883152780678,0.4384680225485084,-0.2884031741027439,0.38107643166283345,0.41073566000106343,0.20687129926466363,0.8375946039851841,0.1715767401641153,0.017263386007114554,-0.17128772386908836,0.2397310903896878,0.16329758366422267,0.030703393699346666,0.1812028761516264,0.17353167878605777,0.10111655237356418,-0.4633195799181948,0.11503595108315029,-0.23856443393878862,0.12930053935945882,-0.7234106332487862,0.2836742088610689,0.7260590541005397,0.32409571603069504,0.45391831484152434,0.31583189756081176,0.19968838920185852,0.2889434470934179,0.4515792812281536
BLOSUM2,-0.559252525485243,-0.14321662426345158,-0.10068102009777441,0.20766796275577254,1.0,-0.02023390294415916,-0.23264052000601937,0.11658012576038852,-0.08018717467790588,-0.05879931292877103,-0.0020157298742820725,-0.16680267101613666,-0.10234292664804887,0.4662980727428198,0.05958737590993736,-0.09267635886904174,0.5634061361275454,0.5459073457306045,-0.05988140765523973,-0.2226230886201951,-0.12552518105033125,0.48578406453265527,-0.5018299417967532,-0.16496479723762536,0.13039077557915496,-0.0009592846224914186,-0.6530324670892136,0.24370666895152768,0.29615575266852523,0.6696156436725453,-0.18504495146647962,0.2144770309739658,-0.014589187695947123,0.2428521917224396,-0.06859755179250694,0.18384040597981727,-0.22712022246204283,-0.029723133654213117,-0.03522215150046136,0.9426815598475511,0.04163999702462191,0.22715624946824486,-0.01470255437841703,0.06552847193744141,-0.11286567331026742,0.5889570090277505,0.4453655495305776,-0.33541857099702516,0.047022463846318446,0.06761150721577662,-0.138707888450838,-0.012211025483725711,0.7387335427371893,0.753385597563166,0.4868289290462794,-0.6928020972156885,0.27455742822961554,0.15085565997878692,0.42051509432903506,0.18136784607314205,0.7338717291880982,0.13799690756280467,-0.15764549576937936,-0.8691610466350089,-0.36944320393345276,-0.22478821409521849,0.6490790701189062,0.4977411569626862,0.6467167451233568,0.19354316283932269,0.5100648306990374,0.0549215441648629,0.060104927459718564,0.17579806460564698,0.7565005287140686,-0.03581660337628629,0.5541306920640705,-0.3061373479147126,-0.07591602814675699,-0.3783279116765578,-0.07055439338007995,-0.4346570792114944,-0.169458978559866,-0.6146889121838245,0.20771027718977794,0.8243562846456546,-0.06524489284174075,-0.3434410999854149,0.005818057221896726,0.33569018547405705,0.04960267941721367,0.4127269627715471,0.08409687559678874,0.3745362834733031,0.004167697397919829,0.10397258698244091
BLOSUM3,-0.4733470411781058,-0.03576354392624938,-0.021322834472619043,0.005677911654634197,-0.02023390294415916,1.0,0.3587227853559271,0.09835901871313342,-0.11899423948206107,0.09511908532140963,-0.016494063907548928,0.0070794074983289825,0.23052298186367215,-0.17536484700720403,-0.14805360205381513,-0.03356084822307643,-0.24353173979924253,-0.4711804176072248,0.13557601243314021,0.20718047866456862,-0.763368839671274,-0.6857465813560195,-0.35479406841271394,-0.28733592868506236,-0.31521287816204235,-0.3075641306234771,0.10113668996079749,-0.044412137156407606,0.6258682228070231,-0.5389590990711249,0.018248663208676862,-0.39144757455877743,-0.1465289524804144,0.5579948643416165,0.1264411695304803,0.2031729001914255,-0.23333075106111678,0.1105741889834668,0.1435823846820356,0.005860968322616314,-0.2556725703175517,-0.5203775131939106,0.11695700194388106,-0.25671737604752676,-0.13828582192674674,-0.6071798279347873,0.5800679025150195,-0.5187095801117956,0.48056069130972423,-0.07558650396561026,-0.02619156003260683,0.0876198148301025,-0.45755734283772476,-0.14627838205378133,-0.17759086235570035,0.5345470127037064,0.032544552111992434,-0.8456999764472002,0.07364603140221217,0.17575148147885464,-0.4636472344246329,-0.6234547343202982,0.3497217037053769,-0.049990703184036756,0.6672168387681807,0.0020890585575288763,-0.5859497659563235,-0.6255617135375349,0.33152412191511177,-0.2945193383832299,0.08539693978104104,-0.31076674365036483,-0.1094989812757196,0.2533968091265785,-0.3786917773429375,0.7701920774572617,-0.07046951096882133,-0.5021962995333427,0.2996864822443043,0.8029872802095738,0.2505713483920894,0.7545219754117751,0.029176414600212204,-0.3831181914283561,0.1526437110487689,0.013102316231913684,0.19915298164379167,0.3707644968352702,0.06340113686269964,-0.3709095311917368,-0.0684760122136641,-0.5271349472698003,-0.09781194109744834,-0.4445917879802148,-0.026232897637080876,-0.18644959510592676
BLOSUM4,-0.08196505172679865,-0.04745069068437181,-0.07431114191220951,-0.05128526898684518,-0.23264052000601937,0.3587227853559271,1.0,-0.03594962857971433,0.009593834277443246,-0.10792494089922482,-0.0020054864493076847,0.09423175584011398,0.25012521654476993,-0.1995396610003155,-0.268732543811067,-0.04791054295684483,-0.15360404032779532,-0.5941342325664585,-0.1387021473345294,0.2326146973049559,-0.3075152480029551,-0.5819267352259216,-0.1419727261926212,-0.33769397626029657,-0.2891016489446511,-0.17891157383306333,0.30493894396999977,-0.23474720094413817,0.19174344823021794,-0.5587968658921021,0.197941266002664,-0.2554723342104071,0.07330111776789773,0.37323719080497064,-0.25959114670272887,0.4095731551619013,0.4368363594641916,0.04729751802410043,0.1326798176951811,-0.07216770492108818,-0.18633867505082416,-0.5749066736429012,0.11854989044035331,-0.37999824936066673,0.0012470391450800815,-0.5458627422028839,-0.031580001775505545,-0.37594508435221075,0.5428615947740569,-0.21566528148122552,0.04979125259423477,-0.4293931683177055,-0.514563272540566,-0.2875087270866672,-0.23799042932085507,0.447291589765597,0.2447823043997941,-0.386528499690834,-0.36650994122763925,-0.11219256975087433,-0.5241160777828237,-0.3139682813545954,0.5294704115085445,0.10853482032600874,0.4873526122062979,0.012977500491055456,-0.6587282600896976,-0.537916586521687,-0.17729102461307844,-0.4947308898730505,0.10226996659043859,-0.32335742432233827,-0.23587491069356062,0.22507667240167872,-0.43453094716314977,0.5986719473858899,-0.43030492292147515,-0.22905763804040455,0.20497696780729519,0.51670598574574,0.18332317344214255,0.5290382088080748,0.09489950644981328,-0.06360486386910977,0.1661135241970623,-0.005580787899819375,0.14607815764756202,0.11004380338158994,0.11010826686494846,-0.10662178473037197,0.02119761981822281,-0.3827919705289816,-0.0295316633274418,-0.4304459739826609,0.07511678667859706,0.03557313813444069
BLOSUM5,-0.34693500726850834,-0.0488831607705021,-0.05221442872679706,0.008093365262364469,0.11658012576038852,0.09835901871313342,-0.03594962857971433,1.0,-0.17595798147996602,-0.09902711410114144,0.06951205256343337,-0.0974713853736174,-0.24350384275994938,0.4843097333084029,0.363989193788528,-0.06132558455563473,0.3614355932267678,0.3698158009152366,0.583449242443028,-0.07247285345891324,0.18834175316767934,0.01076924499890114,-0.5331720970831538,-0.4097622479014763,0.7188060190429705,0.07774589312380613,-0.2944499546916985,0.23986019295375288,-0.0018111697964446692,0.2967778168833761,0.38988984878565713,0.3447956553650325,-0.3343527971245326,0.44702378326030934,0.4696744441757936,-0.17455183367204763,0.09849383935469773,0.4130267845358221,-0.12233606717506436,0.06294764977654566,-0.04503976307201521,0.5688663527861255,-0.10957097265738829,0.26810225430590723,0.07271670213373611,0.3848241332835955,0.2683129757250438,0.16551400400876126,0.6443250478640312,0.17923231829025613,-0.16719123192116409,0.15601458049660355,0.2765635490903167,0.479232115380765,0.26738553844640633,0.17326906768213524,0.07952846652353719,0.10220652543436795,0.7039936360295009,-0.028060695499483312,0.24939883490864143,0.48789763192517244,-0.368750781752346,-0.13396106297733337,-0.13226104702464214,-0.4062982148876308,0.15207394125321547,0.33046113300838525,0.33223698980359295,0.4983874864991712,0.7040149856782189,-0.07739269906179283,-0.05125842661646548,0.4098352559916473,0.29945064120841036,-0.05963282954730616,0.4595182409608592,-0.6140084988618648,-0.08660702582884855,0.15465797214898583,-0.12829344952143035,-0.15251804349204023,-0.19315188648756929,-0.3398577284432963,-0.11074514270918107,0.02112843816369305,-0.14683304758039267,-0.2731336570798588,-0.08477134703903925,0.2774167040546809,-0.04259877521271253,0.347580613537655,0.0807149597810128,0.5354592205877639,-0.17489000348116057,-0.26208375463589006
BLOSUM6,0.3966079704681004,-0.014127212905243658,-0.023214363669038313,-0.015514824772944576,-0.08018717467790588,-0.11899423948206107,0.009593834277443246,-0.17595798147996602,1.0,0.12174448343624132,0.21620506756420557,0.19358988507962174,0.1910241148879219,-0.2248675611119386,-0.03054219392867304,-0.01514654066725597,-0.12776363050801914,-0.20624294892614728,0.07002892353200282,0.032567770139991924,0.2387022978002979,-0.008161795908168427,0.6282833678477511,-0.5887700219528287,-0.16338376287850098,0.23588769026721762,0.22065030786715978,-0.3605521588927308,-0.41289469697296266,-0.25493910597183994,-0.014737110541884379,0.12572068028427288,0.025996032966639257,-0.4406621309180849,-0.03700253224097947,0.6326173629478058,-0.5165992176974545,-0.13504149319885544,-0.004094856377575846,-0.24709760341323833,-0.2765646358410616,-0.10119568650582235,-0.01764822315925931,0.09289048640163516,-0.06670490319893842,-0.22295809250045173,-0.361160736097888,0.0934782814696743,-0.16344098052949602,0.7473498000814206,0.19873193291278235,0.10196910979502231,-0.25674146435329837,-0.16643450010025398,-0.28171559675916713,0.050227833125952706,-0.013576627093831667,-0.07310547674660527,-0.23462386301893623,0.6303116902345797,-0.27436161694767824,0.23542615711335846,0.11538043776061362,0.44673625591161564,0.415922655501364,0.0873932282120711,-0.1259793362309624,-0.2721591900193492,-0.00936163005996444,-0.08957657875961726,-0.35155754983257775,0.5310757232057274,-0.8363544507629288,-0.029916892245166412,-0.386289927999966,-0.4119079918625317,-0.31567807747979826,0.22286997926627128,0.01880835693341083,0.1278069640831691,-0.0192550730267309,-0.10344639724880414,0.09842691584983917,0.41586506231977904,-0.07902887535628673,-0.2295525972561508,-0.00917251216379236,-0.02951597215249821,0.0033957178095974706,0.037696477371244694,-0.004079788472436754,-0.048193194460275486,-0.027661385087034918,-0.0669652465244977,0.02289385993014442,0.024774645247654985
BLOSUM7,0.12981965894358313,0.10920162411133685,0.10326722930702804,-0.05031758133918371,-0.05879931292877103,0.09511908532140963,-0.10792494089922482,-0.09902711410114144,0.12174448343624132,1.0,0.24936617556983168,0.053403515577524714,-0.034537254248701695,-0.22419725085419395,0.3969920171527903,0.11075515446312528,-0.5160417525762026,0.02731907736433736,0.6037095344181616,0.12899462889865615,-0.271621276642401,-0.08812660593903338,0.3517705569853517,0.15048619110589104,0.11640631199705131,0.007267513184700344,0.16326246702113897,-0.06968510646498036,0.1457421834191271,-0.21901808043404833,0.1093336452487832,-0.14664012345343078,0.23114092985814447,-0.3021084927143024,0.3269419372404149,0.20364211241107336,-0.15545446557809173,0.19876094130820238,-0.12011217664385734,-0.21456232684696638,0.15140159708656473,0.10623327855667367,-0.1388091061527565,0.5864080235186131,-0.011701386341691277,-0.2966132522927453,0.44782473573254516,0.5178869293049201,-0.2273149522163526,0.2997547432001545,-0.14096382762804288,-0.01684466768803509,-0.2156309004659272,0.09783754927666392,0.22025727503747536,0.22265718880347338,-0.7118565803650505,-0.3953545964931669,0.12562407955456276,0.5755718683923338,-0.22311269869436806,-0.2187913766511334,-0.38301204283530454,0.22411838389385075,0.24960337246172207,0.19822653441545304,-0.19223703939553757,-0.27153072538346396,0.2738403571210685,0.47285322292285115,-0.39581110918169327,0.5043792578668822,0.0213053130666958,-0.17149939296541278,-0.2620856736052895,-0.2360197303792766,0.3624049965816885,0.2378862163281225,-0.061293204305045874,0.15981936835596774,-0.08693040855837174,0.03964185987768589,-0.08769776912485477,0.22207598021388975,-0.07111357617641403,0.0015980816946581198,-0.059116705689204636,0.44900318793871585,-0.19842620965329383,-0.44943146173440945,-0.19987149834871293,-0.18294958806143335,-0.0474128842958149,0.2407357735418707,-0.3432588538068179,-0.692422739273862
BLOSUM8,0.22082859268369084,0.09032618134745946,0.09353044750403164,-0.10158649936778585,-0.0020157298742820725,-0.016494063907548928,-0.0020054864493076847,0.06951205256343337,0.21620506756420557,0.24936617556983168,1.0,-0.05288317726902595,-0.05266141279958845,-0.08317659345092394,0.1313957465512505,0.05716003719166843,-0.2581867470344079,0.08117929128453331,0.09956426334731852,0.090239669796551,0.09978567685443922,0.011853188362828372,0.1616674674832887,-0.30943964520146505,0.06747287532284918,0.17149895321179864,0.13795487456670152,-0.12255722495323151,-0.1418858098338765,-0.03698348607991018,0.025057976551197413,-0.024047245107203595,-0.025601764219802405,-0.08675829533329274,0.4123005828190663,0.5330375324459049,-0.032478094006790505,0.2736780825616745,-0.16673608526129513,-0.06799369333540166,-0.4170385252834119,0.32732255931664456,-0.16805712139926376,0.15398931408010774,0.08590658559012088,-0.08663923553003695,0.11622943800872593,-0.06256095743056778,-0.06609474589949481,0.5894188663563892,-0.014082495701978536,-0.2328726108372909,-0.07150219359355663,0.24989288929276723,0.3618932543406435,0.27093284875984347,-0.4378960187330076,0.01256930366719625,0.1383858790931315,0.4992985857072938,-0.08037007362691893,0.2615234490187111,-0.42469364353923944,0.261744095185305,0.1196392645493749,0.0690248425794986,-0.04994439556426682,-0.0651788836411697,0.337945493981094,0.10645418635578663,-0.11987174450226151,0.4882657582361449,-0.32291909943143643,-0.01196814401167104,-0.16127540054542716,-0.2025787528679158,0.08592745813200267,-0.14847534582446353,-0.18916858319563815,-0.11500028408986762,-0.203969150111994,-0.27089293562012384,-0.12871769278676617,0.15558466732942502,-0.17337188719596408,-0.08625477508641113,-0.13769274192208167,0.2948406398791656,-0.2002279014407763,-0.2951020301517706,-0.06180359866898103,0.22709465949265384,-0.02054850173276832,0.22305299956070967,-0.09954638673910728,0.030240711439311323
BLOSUM9,-0.04721214382043041,0.0011295335152214341,-0.0025285484557418967,0.13956567139663034,-0.16680267101613666,0.0070794074983289825,0.09423175584011398,-0.0974713853736174,0.19358988507962174,0.053403515577524714,-0.05288317726902595,1.0,0.13970878544353213,-0.1524838652810136,-0.09698877285514433,0.03048699458178239,-0.11048707048505822,-0.36944785929873525,0.007888651327952502,-0.1476219489115163,0.24887407019807806,-0.26934228091270934,0.31916991676358347,-0.11310784017219212,-0.22861926885018558,0.029314966933048255,0.11874001496479081,-0.16958103439876562,-0.44238604471795606,-0.3674760298014695,-0.30089701886749765,0.10774067792752445,0.1085751794539176,-0.23074852667032172,-0.2572513385863015,0.13961562231109528,-0.12223464174612311,-0.1338195096893892,0.1354167334296004,-0.15933719500949547,-0.2163850748382017,-0.23031435483753002,0.12337178068132412,-0.111107932724831,-0.1889428157125174,-0.24082165480998624,-0.38511425576048264,0.17429568387321878,-0.10984494941331958,0.2283228357683564,-0.3591978179289355,0.4403651446881702,-0.3255500006304289,-0.3148513515679208,-0.23906370558879905,0.14385540941412103,-0.0029331128516538025,-0.3128611061527849,-0.2062465553278685,0.37008477047787985,-0.3401747157863717,-0.11322458910163023,0.26184114313823087,0.1552231033338613,0.392796000034087,-0.08772102747734817,-0.2865449009656912,-0.32602422738497533,-0.2769342222436838,-0.17986758676054515,-0.1596019566845407,0.06661736540598656,-0.23707254361897384,0.1316543950782773,-0.3044268289908471,0.05520093136501219,-0.2639810697830768,0.20632901244273502,0.1731672148683428,0.3644710838609411,0.1361719010049849,0.19275095462274325,0.22225213603894545,0.2576745805981948,0.09803958863318092,-0.06892559890090877,0.1354528487872593,-0.0034452783110249974,0.13086871698726307,0.007231814752883604,0.13735752273870475,-0.03575429717099501,0.09321714149409,-0.1357617099960469,0.1679795268335668,0.1551616351981517
BLOSUM10,0.1340598863792491,0.06709169883175521,0.06961483789582022,0.049060071526389366,-0.10234292664804887,0.23052298186367215,0.25012521654476993,-0.24350384275994938,0.1910241148879219,-0.034537254248701695,-0.05266141279958845,0.13970878544353213,1.0,-0.1999115397805821,-0.38125680959696673,0.03526774903432669,-0.10290777321180569,-0.47478399001339117,-0.3073312880384567,-0.008692294160797451,-0.09894665822246289,-0.3599032908237898,0.09350547421999973,-0.21014685756760484,-0.39505745260885794,-0.1307091206331948,0.16409146997911683,-0.023148822762458512,-0.08942386098179836,-0.4488907361469505,0.023691790747488735,-0.15850956701924768,-0.12599194902061767,0.2363015176793945,-0.46326446827971607,0.20015152605789763,-0.336456989505867,-0.22289437206094975,0.10983967947239108,-0.0581570828882994,-0.022424973604050977,-0.5588462235086641,0.09619032256032718,-0.3341893922419469,-0.03945362111349807,-0.42495817227260546,-0.21881780910779203,-0.29139131915048644,0.1419361536565247,0.11236962298031654,0.07202814061665845,-0.4210440654915073,-0.36059336733421826,-0.3665347463080616,-0.5827238361820675,0.05246868347993147,0.3472365117404312,-0.40906292742101813,-0.09681606727482493,0.1191286565678868,-0.3572521842861183,-0.3350503621290658,0.6272500553547966,0.1348803436085508,0.4634060968519594,0.05627899828459263,-0.3993716920820406,-0.4436113497364349,-0.1921331718772681,-0.47838392673386027,-0.2918953834722421,-0.016076151610420218,-0.3141028875049721,0.07963837960591559,-0.3905966185723329,0.18861860228398433,-0.3361630658026486,0.05800152744804723,0.14310523896613422,0.29481028713048507,0.13544449930309121,0.35516866707548606,0.17433178703147229,0.23623635249085204,0.0474198505922103,-0.1487139901135924,0.12197327144497999,0.12419822891353895,0.08956687057755602,-0.12381192765190217,0.01987903121543104,-0.3588979942850467,-0.07779500794462796,-0.48244955851853244,0.12656343596307423,0.15867888299542887
boman,-0.6074204071295333,-0.19230314940514245,-0.15238401914932606,0.6816811197309829,0.4662980727428198,-0.17536484700720403,-0.1995396610003155,0.4843097333084029,-0.2248675611119386,-0.22419725085419395,-0.08317659345092394,-0.1524838652810136,-0.1999115397805821,1.0,0.2057214130950833,-0.14458947914901232,0.8763277429278559,0.33989681771686786,0.21473774420729444,-0.707949829524733,0.001777959580421957,0.12689013039233485,-0.5522511774967446,-0.04507036241024081,0.4927596726532999,0.21388589899899108,-0.893014870173894,0.4981792996810854,0.2382517747979186,0.51892367230652,0.11522829621437669,0.822346490366255,-0.342927166031934,0.4414063444385643,0.009403327972174283,-0.16511710184373177,0.05637912951999995,0.08405972685679108,0.06334903704433945,0.479466718963459,-0.28755611510360396,0.48977488340560427,0.08951608707076218,0.09480757298955288,-0.5365074032427838,0.6838890744450875,0.1530254684334297,-0.06775653187539894,0.40095399473593224,-0.11450098006564167,-0.06996280741250219,0.048958528631525035,0.49228360645224567,0.7088411666754979,0.014205720255152852,-0.3224984369768618,0.5199620804651195,0.2103064605354044,0.5973086740522467,-0.007721173153339423,0.4969490036949899,0.651359348771927,-0.08178636118046125,-0.6002758444441731,-0.28383164285905793,-0.8650787645826117,0.5412291960175328,0.4335516446050463,0.5210514689573923,0.12114064574282135,0.8055746187518481,0.15454489394207102,0.36855554272736224,0.7458082111187252,0.6604493840387068,-0.1841384367162106,0.2737512392467363,-0.20027505245519003,-0.004173399306855097,-0.26424419970970203,0.018425837867337706,-0.21479365484625107,-0.06156638248437199,-0.6251393320401771,0.07235575568808017,0.07601849437847474,-0.016668123418679917,-0.8008674791249375,0.16937355686742994,0.8041797178589023,0.25825236569702464,0.7249136099590627,0.30720745939623223,0.5628325214847333,0.1680291908452052,0.3335775832114162
charge,-0.05838162621093008,-0.07165672707712856,-0.06251108929238129,0.032965302993634996,0.05958737590993736,-0.14805360205381513,-0.268732543811067,0.363989193788528,-0.03054219392867304,0.3969920171527903,0.1313957465512505,-0.09698877285514433,-0.38125680959696673,0.2057214130950833,1.0,-0.06848513583171656,0.026090779367692152,0.36229966538196356,0.6264767428437016,-0.1368387209803358,0.04966206843531054,0.18803786663455113,-0.045673501322591376,-0.026920166199567858,0.5493967585127482,0.30721427714751176,-0.1697100019887835,0.030536711960471412,0.0378042697935085,0.2497125310390288,0.28939872129619926,0.26949760962731095,0.1511489170231847,-0.1075400310310565,0.3744593717150566,-0.04674537784458656,-0.018067846532572786,0.22029301447294386,-0.14549773393331716,-0.08046484896692131,0.10400791545216297,0.5102794081360683,-0.12869297645844566,0.766592009982294,-0.011418074102063342,0.2698308053789484,0.29587286947839236,0.5211981267421619,0.04015654976370279,0.1874877140856179,0.016076436488789057,0.20851011875082326,0.1987983114961816,0.35065862822417426,0.34411688274007957,0.0451843493250982,-0.35925512566619633,0.12315705495599427,0.3901609831143002,0.1768763346937666,0.1881823298636321,0.294609655090686,-0.5574952795099268,0.01868987615917427,-0.1939135340163219,-0.15061119666899775,0.20257133606484076,0.24121035372098137,0.2549305355065905,0.6469892006477799,0.16708374092291192,0.30932353835762727,0.12065813282286578,0.06129720901412322,0.17554295457315713,-0.3767279868110466,0.48919725640038225,-0.056171105648792435,-0.20003103518870832,-0.12320830441343682,-0.1995245883661462,-0.23583623883266736,-0.16040550243495996,-0.059393465585572354,-0.10966168838631844,0.013161360262976379,-0.1539837439410588,-0.05896230769332422,-0.1289383039742551,0.060961102044070216,-0.006723371620115451,0.2773199405042591,0.31434049676963244,0.5866674978914748,-0.3654376371561563,-0.46246398714921083
crosscovariance,0.15950354928049382,0.9191407692862579,0.8798672022437153,-0.16241563161832379,-0.09267635886904174,-0.03356084822307643,-0.04791054295684483,-0.06132558455563473,-0.01514654066725597,0.11075515446312528,0.05716003719166843,0.03048699458178239,0.03526774903432669,-0.14458947914901232,-0.06848513583171656,1.0,-0.18933939872661687,0.02768187751846769,-0.03305674981745508,0.13224073555797555,0.06282697282495289,0.03783317711274829,0.12765960828764714,0.10928782409143432,-0.011145389039161895,-0.24911218778712105,0.17214385355353434,0.17496335042025674,-0.08349022509654822,-0.03988705151051182,-0.007340687458702874,-0.16054720802745762,-0.057490834773467836,-0.1047503351737839,0.03679101546888474,-0.06863569272701836,0.015541773126471118,0.0743501974989457,-0.05881249848500766,-0.09677928363188286,0.10787412483045077,0.0066737313895911116,-0.05947308605423521,-0.009620059839555307,0.15601691262667058,-0.07737497812671476,-0.029336903209177624,0.06228771886565008,-0.11185952949662605,0.021435476516022407,-0.060155239571293165,-0.026270538781305267,-0.03546776426499131,-0.07972515168977506,0.04035021122383857,0.03617164652583328,-0.17537542286226324,-0.011813400157850486,-0.03447210227065079,0.014525836137767796,-0.03359636949949479,-0.07611292669948722,-0.05487065336458091,0.10002641499419243,-0.0078062289586888,0.18392321582395496,-0.0351772395848027,-0.010007533152204873,-0.09367370586411179,0.03381242345042835,-0.17012046691474852,-0.013941818026754203,0.013594361134369003,-0.18373096498456304,-0.07666574883577909,-0.03817720845309685,0.007278182443560278,0.0588002540569147,-0.0613914238774734,-0.010293694050481066,-0.06518266210588886,-0.026026569586967578,-0.01875645122078705,0.16512737737205063,-0.048074301703051055,-0.01648177234232336,-0.044739100875877826,0.18827253968052662,-0.07577094454766325,-0.18827253968052718,-0.06569716283989646,-0.09424669940650837,-0.0826583794202642,-0.05658951807365878,-0.03769165136040157,-0.0699433659325791
PP1,-0.5698303004543628,-0.2521454415777454,-0.20763996434045914,0.6562357061788964,0.5634061361275454,-0.24353173979924253,-0.15360404032779532,0.3614355932267678,-0.12776363050801914,-0.5160417525762026,-0.2581867470344079,-0.11048707048505822,-0.10290777321180569,0.8763277429278559,0.026090779367692152,-0.18933939872661687,1.0,0.27089867073512797,-0.03465173346225141,-0.6759526925439361,0.09962519404929429,0.20989079792527246,-0.5237045704203167,-0.13208806558771014,0.2695727194764145,0.13660943731519837,-0.8876856286229844,0.35093398556675665,0.1307628610770264,0.5584852290461254,-0.0672851113894589,0.7843201677299451,-0.16928326929546042,0.3524511527038262,-0.1959733956252169,-0.13481252750948045,-0.038352197837205226,-0.08117177580630167,0.08973040471861708,0.5887828137821381,-0.258050799191915,0.3056503528848635,0.11805509967484974,-0.1147428548924063,-0.5231851059902496,0.7196894145105873,-0.03462119350545958,-0.20795964811960924,0.29213711279108306,-0.12814221842933063,0.00681091121309095,0.01883344174865677,0.544719719196503,0.594395262812457,-0.0538884572726656,-0.5236299618231612,0.7688708937643324,0.3471626694479988,0.3785461544577175,-0.14177585371117477,0.5473632890421678,0.5953386102504191,0.09689434513982696,-0.6545952403524227,-0.34293664910827243,-0.7992901948707453,0.5779972009701734,0.46906621549651945,0.3827468295564278,-0.05306219700475538,0.7775383420884658,0.043679668502348654,0.1971835827834563,0.6747340081595857,0.6890575205149682,-0.11859605893295348,0.11749647587588771,-0.1614816577051676,0.01002180122399701,-0.3291080215538463,0.03404488962258165,-0.2749740631613716,-0.03308239812973493,-0.6236176685814471,0.11891523062983139,0.18257281508290507,-0.008734416898762913,-0.9280867300601462,0.21945458111683477,0.9280867300601477,0.28177038614217564,0.6858558962139832,0.27422110410596773,0.4111600949656544,0.2516366874071817,0.5100253408768073
PP2,0.0008813540073381193,0.04640406789563195,0.04876273502292754,-0.28810665759422066,0.5459073457306045,-0.4711804176072248,-0.5941342325664585,0.3698158009152366,-0.20624294892614728,0.02731907736433736,0.08117929128453331,-0.36944785929873525,-0.47478399001339117,0.33989681771686786,0.36229966538196356,0.02768187751846769,0.27089867073512797,1.0,0.17277983047191967,0.0497106355986922,0.38533206351865706,0.8883037278734823,-0.28580319699810763,0.11606368533857662,0.6893359054804263,0.18984474687067873,-0.28453075902447067,0.3246427032454657,-0.09872515807928062,0.9272760931708235,0.2019293944676237,0.13227846687021985,-0.19945764846729996,-0.064177407593173,0.26418845300527294,-0.2878309177083425,0.06881288114103376,0.15508346658277603,-0.26405537463477713,0.4388836629297734,0.44818008737329695,0.8000365795353147,-0.2337061168190192,0.46662265319963453,0.43439101164540317,0.8255191140426866,0.22700252611436597,0.2682056124755531,-0.1274897975400695,0.053584806511000005,-0.01843339896635998,0.11074526192923104,0.9212298494589949,0.6297947695598513,0.7104226350458458,-0.5995732104670404,-0.2339780448218186,0.6616049890884942,0.5716873992272067,-0.14742098824664338,0.9149343036749372,0.4518931110935819,-0.7110235848474906,-0.44862131374205444,-0.8402722528095776,0.09901720348976875,0.8622975669809607,0.9288311374032563,0.23946064378058254,0.7462837588851425,0.3257445059470158,0.03205545724464893,0.2716391861273915,-0.2977853625054546,0.797958094105823,-0.5343362784366338,0.7827592748044934,-0.20579078420955624,-0.34951815202453995,-0.705282280975588,-0.32893702085696824,-0.8067012202059474,-0.2819439620535571,-0.13868695916132479,-0.10406111977464709,0.5378578614067044,-0.28026880329822185,-0.11644472376012292,-0.2330979435714235,0.11644472376012256,-0.1237584703298087,0.5115380914214833,-0.008825140888904412,0.6843472218379553,-0.23560416113380503,-0.2209251166996375
PP3,-0.16978408341428106,-0.04524303786408142,-0.03618829620905088,0.1170347338284778,-0.05988140765523973,0.13557601243314021,-0.1387021473345294,0.583449242443028,0.07002892353200282,0.6037095344181616,0.09956426334731852,0.007888651327952502,-0.3073312880384567,0.21473774420729444,0.6264767428437016,-0.03305674981745508,-0.03465173346225141,0.17277983047191967,1.0,-0.13068928456227621,-0.11591363951165219,-0.1278204999881166,-0.04921722770483782,-0.22776792111991012,0.610106689560857,0.1258291738787864,-0.15325461257646805,0.011127303510475745,0.14016947905575966,-0.009016420141295303,0.40602261554738633,0.31585707455176376,0.0912183803188584,0.0018293504347012559,0.4628867882531894,0.03075632123724869,-0.1814707409278141,0.41757412882870065,-0.15011819828549874,-0.2716083632847166,-0.043598679146269165,0.4474454797484093,-0.15863991163890484,0.6776423565674078,-0.14427538552260388,0.05100694215864188,0.45461552774133906,0.6118034745504869,0.2647872097986073,0.334881236715221,-0.036758144635436966,0.2700920874436408,-0.04629618862801424,0.3156680157211727,0.19324026732917776,0.31203716882935145,-0.38859941805399495,-0.21123653375227328,0.5425875045151483,0.38824039809920613,-0.07114350756781937,0.2308279663443138,-0.5250794402629018,0.15326590218449487,0.13511833878578997,-0.28161949596699026,-0.06464067552035457,-0.029198042831636677,0.383086669810161,0.7071312052934935,0.21468441449348763,0.4071066114849204,-0.004134504226285253,0.28204137901558196,-0.05334760403813023,-0.28372458184700416,0.5198744264974697,-0.190089160547655,-0.07331599620054816,0.27741934074289937,-0.12031422935736341,0.007834627323423679,-0.18214589968429007,-0.10420038593838712,-0.15477082544728582,-0.13195260360873326,-0.1393206055329365,-0.038250493051529756,-0.15951558086210565,0.03825049305153021,-0.1350548709871,0.20440251622716762,0.07944598527485701,0.6336039284344352,-0.3569307428679345,-0.661676370857272
F1,0.4349823063934092,0.20213247169516488,0.15674258512322828,-0.8194403861057514,-0.2226230886201951,0.20718047866456862,0.2326146973049559,-0.07247285345891324,0.032567770139991924,0.12899462889865615,0.090239669796551,-0.1476219489115163,-0.008692294160797451,-0.707949829524733,-0.1368387209803358,0.13224073555797555,-0.6759526925439361,0.0497106355986922,-0.13068928456227621,1.0,0.011423240409707741,0.07997022849864974,0.15236836736453194,-0.020558289848055234,-0.16037925012749474,-0.18277192718928997,0.7440435567511731,-0.19460415871038864,-0.09157925520975979,-0.1829381903071079,0.08306978700675428,-0.8315507418932319,-0.0877831285536147,-0.07689994603814361,0.20321251382598107,0.023676625067684583,0.21225004751343116,-0.004289398144922236,-0.12851309905581718,-0.20507991947583615,0.4380268969263172,-0.1890062437349689,-0.1416491080611682,-0.03308696091853156,0.7456836241467126,-0.3942633614238846,0.08015990234201463,-0.06964705297269388,-0.06182324842879866,-0.006669172826308872,-0.05164735517799402,-0.0921028488677431,-0.13555343175006326,-0.35381681318259517,0.2385843503049606,0.19809464168793423,-0.44944505045538086,-0.04918509430509532,-0.2458492449730117,-0.15598399127531912,-0.1521796007477247,-0.4432799824883345,-0.10068907028832698,0.31848176653451876,0.03055129186908683,0.824138390091237,-0.268661444782283,-0.10016136249202771,-0.29899589810932425,0.07686229086892526,-0.40361556347546423,-0.3789871089804629,-0.24304567937876337,-0.696423458240096,-0.30364331252646837,0.21467835034678784,0.02400243689250949,-0.16065300452752246,-0.05331100182032962,0.2122827222440203,-0.09704515907748933,-0.04116686133936877,-0.07517320392969175,0.3482826127009676,-0.057865135501390275,0.16644475104394732,-0.05634001261643493,0.719551554886706,-0.22160242065159902,-0.7208364755352819,-0.30680206823116246,-0.5959403580244227,-0.3246172983013439,-0.3692688307578977,-0.2448073353550025,-0.4226850094645541
